0 
34 
58 
78 
76 
62 
43 
24 
8 
-6 
-13 
-13 
-15 
-8 
4 
15 
25 
32 
33 
24 
12 
7 
1 
-7 
-13 
-13 
-14 
-16 
-8 
-1 
5 
10 
12 
10 
-1 
-9 
-18 
-29 
-40 
-47 
-56 
-67 
-73 
-73 
-71 
-46 
5 
48 
70 
92 
88 
59 
29 
11 
-1 
-16 
-22 
-13 
-13 
-7 
11 
27 
36 
39 
36 
23 
0 
-11 
-15 
-16 
-9 
-7 
-5 
-3 
-3 
1 
6 
9 
12 
7 
-1 
-6 
-15 
-21 
-28 
-36 
-45 
-56 
-65 
-68 
-68 
-59 
-30 
17 
49 
67 
81 
69 
42 
22 
6 
-2 
-13 
-11 
-3 
-3 
7 
23 
31 
36 
33 
26 
10 
-7 
-13 
-17 
-17 
-6 
-1 
-2 
0 
2 
2 
3 
7 
7 
-1 
-4 
-7 
-13 
-20 
-26 
-34 
-46 
-60 
-66 
-71 
-71 
-58 
-20 
31 
58 
74 
88 
64 
32 
13 
0 
-8 
-15 
-8 
-1 
-1 
15 
33 
37 
37 
31 
16 
-3 
-17 
-18 
-22 
-19 
-4 
1 
-2 
3 
7 
3 
2 
7 
6 
-3 
-5 
-4 
-12 
-19 
-24 
-34 
-49 
-58 
-62 
-63 
-65 
-52 
-15 
31 
56 
74 
83 
60 
26 
7 
-5 
-12 
-15 
-5 
3 
6 
20 
33 
35 
34 
27 
12 
-7 
-19 
-23 
-24 
-18 
-4 
5 
5 
4 
7 
2 
-1 
3 
4 
0 
-1 
-3 
-8 
-18 
-23 
-32 
-47 
-58 
-62 
-65 
-62 
-54 
-19 
30 
55 
70 
81 
57 
23 
3 
-8 
-13 
-15 
-3 
8 
11 
25 
36 
35 
32 
22 
7 
-10 
-24 
-24 
-24 
-17 
-3 
7 
10 
6 
8 
6 
-3 
1 
5 
2 
-1 
-3 
-7 
-15 
-26 
-32 
-45 
-55 
-56 
-61 
-62 
-55 
-25 
25 
54 
70 
80 
57 
22 
0 
-8 
-10 
-12 
1 
11 
12 
23 
35 
35 
30 
20 
6 
-13 
-24 
-22 
-19 
-14 
-3 
5 
12 
8 
5 
6 
-1 
-1 
3 
2 
3 
0 
-4 
-13 
-26 
-37 
-46 
-56 
-57 
-58 
-60 
-55 
-27 
24 
56 
68 
80 
59 
19 
-4 
-13 
-12 
-10 
2 
18 
17 
24 
36 
33 
28 
17 
3 
-13 
-26 
-22 
-18 
-13 
-2 
8 
14 
9 
4 
6 
-3 
-3 
4 
3 
3 
2 
-3 
-10 
-25 
-33 
-42 
-53 
-55 
-59 
-62 
-60 
-34 
23 
55 
67 
81 
58 
17 
-5 
-12 
-8 
-9 
2 
17 
15 
23 
36 
33 
27 
15 
1 
-14 
-26 
-20 
-15 
-12 
-3 
4 
12 
12 
2 
3 
0 
-7 
1 
7 
9 
7 
-1 
-9 
-24 
-37 
-44 
-53 
-55 
-56 
-60 
-61 
-44 
9 
53 
64 
80 
66 
23 
-7 
-17 
-10 
-8 
2 
22 
20 
23 
33 
33 
27 
15 
2 
-13 
-27 
-22 
-15 
-11 
-2 
3 
6 
12 
8 
2 
2 
-1 
-1 
4 
9 
10 
1 
-7 
-18 
-33 
-40 
-43 
-45 
-48 
-51 
-55 
-60 
-38 
17 
54 
65 
80 
57 
13 
-8 
-14 
-8 
-3 
10 
26 
21 
23 
33 
31 
23 
12 
-3 
-18 
-29 
-22 
-13 
-6 
4 
7 
11 
13 
1 
-1 
1 
-3 
1 
6 
8 
6 
-5 
-12 
-26 
-39 
-41 
-45 
-49 
-53 
-57 
-61 
-55 
-3 
50 
65 
81 
73 
27 
-8 
-18 
-10 
-4 
5 
24 
25 
21 
29 
33 
26 
14 
2 
-13 
-26 
-24 
-13 
-7 
1 
6 
7 
10 
4 
-3 
0 
-1 
2 
9 
13 
12 
2 
-10 
-23 
-37 
-41 
-42 
-43 
-44 
-49 
-54 
-60 
-45 
12 
53 
64 
78 
60 
15 
-8 
-13 
-6 
-3 
9 
24 
21 
21 
31 
31 
23 
9 
-3 
-18 
-29 
-20 
-10 
-5 
3 
9 
12 
10 
1 
-1 
-1 
-3 
5 
12 
14 
8 
-3 
-14 
-29 
-39 
-40 
-43 
-43 
-47 
-55 
-63 
-61 
-19 
39 
62 
78 
76 
36 
-1 
-18 
-13 
-4 
2 
21 
26 
22 
28 
32 
27 
15 
0 
-13 
-27 
-26 
-13 
-6 
2 
8 
7 
6 
6 
1 
-3 
1 
4 
9 
12 
13 
5 
-10 
-22 
-32 
-40 
-40 
-39 
-39 
-45 
-53 
-62 
-63 
-24 
35 
61 
76 
77 
40 
-1 
-18 
-13 
-4 
2 
20 
28 
21 
27 
33 
27 
13 
-1 
-13 
-27 
-26 
-13 
-3 
3 
10 
10 
7 
-1 
-3 
-1 
-1 
4 
12 
13 
8 
0 
-9 
-22 
-32 
-37 
-39 
-42 
-44 
-49 
-56 
-64 
-55 
-3 
47 
63 
78 
68 
25 
-8 
-16 
-8 
-2 
7 
24 
25 
23 
31 
30 
22 
8 
-5 
-18 
-28 
-21 
-7 
0 
7 
10 
6 
3 
2 
-1 
-1 
5 
9 
12 
12 
10 
0 
-13 
-24 
-31 
-36 
-36 
-35 
-36 
-44 
-53 
-63 
-65 
-27 
33 
60 
76 
78 
42 
3 
-14 
-13 
-3 
2 
18 
26 
21 
28 
32 
23 
11 
-5 
-17 
-26 
-24 
-8 
1 
6 
11 
11 
9 
2 
-3 
-1 
0 
2 
12 
15 
11 
2 
-8 
-19 
-33 
-39 
-40 
-41 
-40 
-44 
-53 
-65 
-63 
-24 
34 
62 
77 
76 
40 
2 
-14 
-13 
-3 
3 
17 
23 
22 
28 
32 
24 
11 
-5 
-17 
-25 
-22 
-7 
2 
7 
10 
7 
5 
3 
-1 
0 
5 
4 
10 
12 
10 
1 
-10 
-21 
-33 
-41 
-40 
-40 
-40 
-43 
-50 
-63 
-67 
-32 
28 
57 
72 
80 
48 
6 
-11 
-9 
-1 
0 
12 
24 
22 
25 
33 
28 
14 
-4 
-17 
-25 
-24 
-10 
2 
4 
6 
7 
7 
6 
1 
2 
2 
2 
8 
12 
10 
3 
-7 
-17 
-29 
-36 
-36 
-36 
-35 
-37 
-45 
-56 
-66 
-58 
-6 
46 
65 
76 
65 
29 
-1 
-10 
-1 
2 
2 
12 
17 
21 
27 
29 
23 
6 
-10 
-18 
-20 
-15 
-3 
3 
6 
4 
4 
7 
7 
2 
2 
2 
3 
8 
12 
10 
0 
-13 
-25 
-35 
-37 
-38 
-36 
-36 
-42 
-52 
-61 
-64 
-29 
29 
58 
69 
72 
46 
14 
-3 
-3 
1 
-2 
4 
13 
16 
24 
32 
29 
14 
-3 
-15 
-21 
-18 
-8 
-2 
2 
4 
7 
12 
12 
5 
2 
0 
-1 
2 
9 
11 
3 
-7 
-15 
-25 
-33 
-37 
-38 
-39 
-41 
-47 
-53 
-61 
-58 
-14 
40 
62 
70 
66 
41 
12 
-4 
0 
2 
-5 
-1 
8 
19 
29 
34 
30 
14 
-5 
-16 
-19 
-15 
-8 
-1 
2 
5 
7 
12 
12 
6 
3 
4 
1 
4 
8 
7 
-2 
-12 
-18 
-28 
-35 
-38 
-40 
-40 
-41 
-45 
-52 
-61 
-51 
-1 
46 
61 
70 
65 
34 
11 
-1 
-1 
-3 
-9 
-3 
7 
18 
31 
35 
28 
12 
-4 
-14 
-17 
-13 
-8 
-4 
-1 
4 
13 
18 
13 
6 
2 
-1 
0 
4 
7 
3 
-3 
-10 
-19 
-29 
-34 
-40 
-42 
-40 
-42 
-47 
-54 
-59 
-39 
12 
49 
62 
69 
56 
29 
8 
2 
1 
-6 
-9 
-2 
8 
22 
33 
33 
23 
7 
-7 
-14 
-14 
-9 
-7 
-4 
-1 
5 
15 
21 
14 
5 
1 
-3 
-1 
4 
6 
1 
-8 
-13 
-20 
-27 
-33 
-39 
-40 
-39 
-40 
-45 
-54 
-60 
-45 
4 
44 
59 
68 
58 
33 
16 
7 
4 
-7 
-13 
-8 
2 
17 
32 
33 
27 
12 
-1 
-6 
-8 
-9 
-10 
-9 
-5 
2 
13 
22 
17 
6 
2 
1 
1 
2 
2 
-3 
-11 
-15 
-17 
-22 
-29 
-35 
-39 
-40 
-43 
-47 
-52 
-60 
-48 
-2 
43 
57 
